%YAML:1.0
---
ChowLiuTree: !!opencv-matrix
   rows: 4
   cols: 978
   dt: d
   data: [ 493., 380., 560., 187., 527., 380., 315., 409., 765., 480.,
       313., 27., 245., 301., 187., 517., 939., 232., 932., 309., 504.,
       253., 105., 590., 855., 480., 451., 136., 170., 919., 965., 827.,
       243., 942., 61., 843., 457., 124., 911., 974., 92., 423., 136.,
       187., 939., 512., 380., 301., 933., 409., 194., 331., 380., 309.,
       160., 751., 336., 136., 160., 792., 800., 675., 440., 960., 843.,
       675., 842., 14., 31., 497., 423., 945., 939., 890., 551., 842.,
       170., 554., 921., 430., 426., 58., 49., 424., 179., 841., 617.,
       859., 49., 167., 800., 67., 927., 895., 524., 425., 513., 91.,
       507., 124., 570., 480., 11., 423., 160., 579., 301., 423., 124.,
       179., 505., 579., 197., 253., 54., 480., 833., 532., 339., 517.,
       336., 182., 754., 493., 855., 31., 974., 159., 915., 423., 579.,
       86., 49., 517., 355., 974., 293., 660., 19., 124., 850., 890.,
       750., 424., 423., 738., 187., 221., 448., 186., 197., 187., 751.,
       10., 974., 645., 47., 663., 824., 856., 187., 750., 890., 260.,
       41., 966., 72., 104., 560., 336., 245., 91., 765., 136., 513.,
       696., 179., 187., 203., 293., 104., 424., 197., 513., 72., 170.,
       293., 49., 337., 187., 189., 911., 170., 187., 446., 493., 687.,
       187., 461., 187., 876., 458., 500., 680., 86., 232., 116., 341.,
       879., 309., 341., 187., 942., 944., 270., 824., 270., 850., 517.,
       309., 49., 187., 197., 270., 124., 395., 293., 187., 480., 872.,
       349., 313., 151., 677., 245., 715., 776., 480., 27., 430., 225.,
       424., 256., 505., 187., 270., 245., 408., 245., 245., 136., 855.,
       245., 335., 255., 711., 245., 226., 402., 532., 932., 197., 921.,
       245., 511., 560., 245., 335., 927., 280., 197., 181., 917., 952.,
       915., 380., 644., 504., 939., 513., 245., 674., 187., 252., 911.,
       252., 67., 440., 380., 245., 170., 500., 252., 267., 573., 506.,
       313., 341., 528., 341., 504., 242., 560., 942., 952., 637., 49.,
       974., 758., 14., 289., 558., 355., 256., 824., 170., 103., 765.,
       74., 408., 245., 425., 330., 339., 493., 914., 826., 433., 942.,
       252., 299., 452., 927., 493., 794., 245., 349., 339., 930., 293.,
       245., 337., 337., 895., 425., 313., 824., 559., 187., 95., 738.,
       337., 187., 738., 408., 75., 197., 350., 353., 313., 339., 350.,
       357., 962., 293., 690., 350., 405., 823., 423., 423., 353., 193.,
       440., 203., 433., 330., 197., 329., 772., 772., 353., 299., 353.,
       824., 341., 493., 838., 160., 754., 353., 380., 893., 350., 443.,
       423., 395., 347., 544., 423., 49., 423., 455., 175., 423., 380.,
       511., 341., 341., 455., 974., 692., 532., 513., 911., 423., 399.,
       824., 423., 890., 906., 711., 423., 450., 974., 253., 738., 738.,
       649., 353., 423., 426., 500., 425., 879., 423., 448., 350., 423.,
       353., 504., 911., 911., 467., 423., 399., 440., 585., 564., 756.,
       467., 480., 423., 448., 836., 921., 293., 446., 452., 423., 423.,
       456., 440., 49., 480., 859., 852., 772., 480., 341., 44., 451.,
       526., 49., 480., 17., 480., 560., 341., 480., 526., 480., 89.,
       549., 761., 528., 183., 480., 660., 480., 911., 480., 423., 424.,
       440., 480., 170., 944., 738., 680., 423., 824., 564., 944., 409.,
       517., 187., 526., 145., 558., 517., 824., 517., 480., 480., 479.,
       841., 549., 181., 517., 517., 701., 645., 558., 532., 480., 691.,
       301., 243., 74., 517., 462., 602., 452., 546., 532., 515., 243.,
       480., 537., 517., 480., 559., 355., 564., 559., 944., 511., 663.,
       532., 827., 558., 504., 559., 772., 141., 546., 480., 313., 517.,
       546., 423., 629., 145., 921., 549., 649., 681., 871., 724., 532.,
       579., 655., 571., 579., 917., 579., 679., 337., 570., 582., 690.,
       596., 772., 532., 655., 571., 893., 512., 960., 571., 613., 890.,
       532., 590., 645., 540., 833., 690., 526., 690., 648., 690., 505.,
       423., 426., 833., 629., 600., 579., 833., 690., 187., 690., 517.,
       608., 690., 27., 690., 690., 670., 690., 623., 690., 560., 622.,
       600., 611., 608., 532., 944., 608., 223., 613., 573., 27., 945.,
       245., 617., 751., 944., 696., 299., 645., 245., 696., 628., 181.,
       645., 750., 809., 517., 696., 59., 841., 650., 690., 532., 969.,
       309., 694., 817., 564., 332., 510., 963., 724., 750., 402., 103.,
       789., 423., 181., 690., 389., 879., 248., 104., 694., 313., 620.,
       655., 857., 709., 423., 680., 932., 850., 421., 645., 701., 452.,
       841., 160., 620., 724., 750., 711., 299., 776., 73., 696., 220.,
       494., 952., 426., 645., 711., 863., 728., 799., 600., 423., 707.,
       369., 395., 627., 136., 728., 433., 350., 776., 917., 61., 690.,
       754., 736., 350., 963., 750., 677., 703., 452., 962., 728., 375.,
       696., 962., 341., 645., 242., 733., 547., 881., 789., 625., 843.,
       180., 692., 842., 943., 655., 467., 956., 426., 917., 865., 921.,
       921., 692., 969., 525., 765., 64., 890., 692., 798., 511., 841.,
       824., 355., 124., 353., 893., 778., 307., 824., 872., 406., 694.,
       691., 962., 341., 841., 636., 692., 754., 890., 841., 824., 426.,
       751., 452., 91., 809., 658., 942., 398., 879., 27., 640., 590.,
       879., 791., 572., 526., 824., 511., 540., 511., 116., 242., 741.,
       879., 136., 741., 824., 895., 751., 820., 824., 879., 865., 426.,
       824., 658., 824., 526., 794., 856., 455., 423., 355., 879., 559.,
       197., 789., 170., 341., 87., 855., 855., 735., 767., 944., 744.,
       124., 865., 765., 913., 921., 852., 407., 820., 826., 789., 841.,
       750., 843., 78., 841., 732., 952., 620., 789., 663., 181., 836.,
       433., 858., 789., 765., 836., 872., 942., 856., 879., 208., 433.,
       824., 159., 783., 915., 645., 942., 855., 136., 915., 789., 419.,
       841., 881., 813., 942., 245., 942., 57., 579., 942., 872., 942.,
       837., 813., 915., 318., 872., 882., 965., 703., 777., 850., 917.,
       591., 917., 824., 917., 837., 932., 917., 871., 974., 871., 564.,
       564., 917., 895., 564., 974., 918., 564., 923., 332., 895., 650.,
       893., 932., 564., 962., 729., 974., 965., 944., 939., 963., 962.,
       765., 953., 332., 667., 944., 944., 830., 872., 965., 952., 942.,
       911., 517., 965., 704., 965., 944., 923., 962., 534., 944., 965.,
       767., 975., 741., 462., 728., 890., 966., 564., 827., 635., 923.,
       4.3135265700483094e-01, 7.2014492753623194e-01,
       4.6685990338164246e-01, 6.0888888888888892e-01,
       7.3908212560386466e-01, 5.9705314009661836e-01,
       4.6212560386473434e-01, 4.6922705314009666e-01,
       4.1951690821256038e-01, 7.7932367149758452e-01,
       5.9231884057971007e-01, 5.2840579710144930e-01,
       8.3376811594202904e-01, 2.7512077294685988e-01,
       2.2067632850241548e-01, 4.7159420289855070e-01,
       5.3550724637681157e-01, 8.2429951690821257e-01,
       8.3613526570048302e-01, 3.2246376811594202e-01,
       3.6980676328502421e-01, 4.5502415458937201e-01,
       3.7217391304347824e-01, 9.0004830917874401e-01,
       6.6096618357487924e-01, 6.2782608695652176e-01,
       8.1719806763285030e-01, 3.6507246376811597e-01,
       4.1241545893719805e-01, 8.4797101449275369e-01,
       9.4975845410628024e-01, 3.6743961352657001e-01,
       7.9826086956521736e-01, 4.3608695652173918e-01,
       5.7101449275362315e-01, 6.6333333333333344e-01,
       1.6149758454106281e-01, 3.6270531400966188e-01,
       4.6212560386473434e-01, 7.5801932367149760e-01,
       6.8937198067632854e-01, 6.8937198067632854e-01,
       2.6091787439613529e-01, 2.7038647342995170e-01,
       4.5502415458937201e-01, 7.1304347826086956e-01,
       4.3371980676328498e-01, 4.3371980676328498e-01,
       3.8400966183574881e-01, 2.6091787439613529e-01,
       3.0352657004830919e-01, 7.1777777777777774e-01,
